62,48,45
61,47,44
61,50,48
62,51,49
70,52,40
69,51,39
68,48,37
67,47,36
70,45,38
70,45,38
74,46,42
69,49,42
68,48,41
66,46,39
65,45,38
67,52,47
64,49,44
62,47,42
62,47,42
64,49,44
66,51,46
67,52,49
69,49,42
68,48,41
66,46,39
65,45,38
66,51,46
64,49,44
62,47,42
62,47,42
64,49,44
66,51,46
67,52,49
68,48,41
68,48,41
67,47,40
66,46,39
66,51,44
64,49,42
63,48,41
63,48,41
65,50,45
67,52,47
67,52,49
68,48,41
68,48,41
68,48,41
68,48,41
66,51,44
65,50,43
64,49,42
64,49,42
66,51,46
68,53,48
67,52,49
68,48,41
69,49,42
70,50,43
70,50,43
66,51,44
65,50,43
64,49,42
66,51,44
68,53,48
68,53,48
67,52,47
69,49,42
71,51,44
72,52,45
73,53,46
66,51,44
65,50,43
65,50,43
67,52,45
69,54,49
69,54,49
68,53,48
70,50,43
72,52,45
74,54,47
75,55,48
65,51,42
65,51,42
66,52,43
68,54,45
70,55,48
70,55,48
68,53,48
71,51,44
73,53,46
75,55,48
77,57,50
65,51,42
65,51,42
66,52,43
68,54,45
70,55,48
70,55,48
68,53,48
71,51,44
71,51,44
71,51,44
71,51,44
69,55,44
69,55,44
70,56,47
71,57,48
71,57,48
72,58,49
73,58,51
73,53,46
73,53,46
73,53,46
73,53,46
70,56,45
71,57,46
71,57,48
71,57,48
71,57,48
72,58,49
72,57,50
75,55,48
75,55,48
75,55,48
75,55,48
72,58,47
72,58,47
72,58,47
72,58,47
71,57,46
71,57,46
71,57,48
74,54,47
74,54,47
74,54,47
74,54,47
74,60,49
74,60,49
73,59,48
72,58,47
72,58,47
71,57,46
70,56,47
67,54,45
67,42,35
66,41,34
65,40,33
66,41,34
66,41,34
65,40,33
64,39,32
64,39,32
65,40,33
62,37,30
63,38,31
64,39,32
61,36,29
62,37,30
63,38,31
61,36,29
61,36,29
61,36,29
61,36,29
61,36,29
62,37,30
62,37,30
63,38,31
63,38,31
63,38,31
63,38,31
63,38,31
64,39,32
63,38,31
62,37,30
64,39,32
63,38,31
60,35,28
64,39,32
62,37,30
58,33,26
64,39,32
61,36,29
56,31,24
59,35,23
60,36,24
59,35,25
58,34,22
60,36,24
59,35,25
58,34,22
60,36,24
60,36,26
56,32,20
59,35,23
60,36,26
54,30,18
58,34,22
59,35,25
52,28,16
56,32,20
58,34,24
50,26,14
54,30,18
57,33,23
48,24,12
53,29,17
56,32,22
54,30,18
55,31,19
56,32,22
55,31,19
55,31,19
56,32,22
56,32,20
56,32,20
57,33,23
57,33,21
57,33,21
58,34,24
57,33,21
57,33,21
57,33,23
56,32,22
55,31,21
55,31,19
55,31,21
64,34,26
65,32,23
64,34,26
66,33,24
64,35,27
65,35,25
64,35,27
66,37,29
67,38,32
69,40,34
69,40,34
39,39,31
41,33,31
40,33,40
38,31,38
35,32,25
35,32,25
35,32,25
34,31,24
34,31,24
33,30,23
33,30,23
33,30,23
34,31,24
33,30,23
32,29,22
41,33,31
40,33,40
39,32,39
36,33,26
36,33,26
35,32,25
35,32,25
34,31,24
33,30,23
33,30,23
33,30,23
35,32,25
34,31,24
33,30,23
40,37,22
38,35,18
36,33,16
34,32,33
33,31,32
33,31,32
33,31,32
32,30,31
32,30,31
31,29,30
31,29,30
32,30,31
32,30,31
32,30,31
40,37,22
39,36,19
39,36,19
34,32,33
33,31,32
33,31,32
33,31,32
32,30,31
32,30,31
31,29,30
31,29,30
32,30,31
32,30,31
32,30,31
40,37,22
40,37,22
41,38,23
36,32,29
36,32,29
36,32,29
35,31,28
35,31,28
34,30,27
34,30,27
34,30,27
35,31,28
35,31,28
34,30,27
38,35,20
39,36,21
40,37,22
36,32,29
36,32,29
36,32,29
36,32,29
35,31,28
35,31,28
34,30,27
34,30,27
35,31,28
35,31,28
35,31,28
35,31,19
37,33,21
38,34,22
37,34,27
37,34,27
36,33,26
36,33,26
36,33,26
35,32,25
35,32,25
35,32,25
36,33,26
36,33,26
35,32,25
35,31,19
36,32,20
36,32,20
37,34,27
37,34,27
37,34,27
36,33,26
36,33,26
36,33,26
35,32,25
35,32,25
36,33,26
36,33,26
36,33,26
38,34,23
37,33,22
36,32,21
39,35,24
39,35,24
38,34,23
38,34,23
37,33,22
37,33,22
37,33,22
36,32,21
38,34,23
37,33,22
37,33,22
40,36,25
38,34,23
37,33,22
39,35,24
39,35,24
38,34,23
38,34,23
37,33,22
37,33,22
37,33,22
37,33,22
38,34,23
38,34,23
37,33,22
45,41,32
45,41,32
44,40,31
43,37,25
43,37,25
42,36,24
41,35,23
40,34,22
40,34,22
39,33,21
39,33,21
44,38,26
42,36,24
39,33,21
44,40,31
44,40,31
44,40,31
42,36,24
42,36,24
41,35,23
41,35,23
40,34,22
39,33,21
39,33,21
39,33,21
44,38,26
42,36,24
39,33,21
44,39,33
44,39,33
42,37,31
41,34,24
40,33,23
40,33,23
40,33,23
40,33,23
40,33,23
39,32,22
39,32,22
44,37,27
42,35,25
39,32,22
43,38,32
42,37,31
41,36,30
39,32,22
39,32,22
39,32,22
40,33,23
40,33,23
40,33,23
40,33,23
40,33,23
44,37,27
42,35,25
40,33,23
43,38,34
41,36,32
40,35,31
39,30,23
40,31,24
40,31,24
41,32,25
42,33,26
42,33,26
43,34,27
43,34,27
44,35,28
43,34,27
42,33,26
42,37,33
40,35,31
38,33,29
39,30,23
40,31,24
41,32,25
42,33,26
43,34,27
44,35,28
45,36,29
45,36,29
44,35,28
44,35,28
43,34,27
42,37,33
39,34,31
37,32,29
39,30,25
40,31,26
41,32,27
43,34,29
44,35,30
46,37,32
47,38,33
48,39,34
44,35,30
44,35,30
43,34,29
41,36,32
39,34,31
36,31,28
40,31,26
40,31,26
42,33,28
43,34,29
45,36,31
47,38,33
48,39,34
49,40,35
44,35,30
44,35,30
44,35,30
43,38,34
41,36,33
40,35,32
42,32,33
43,33,34
44,34,35
45,35,36
45,35,34
44,34,33
43,33,31
42,32,30
39,29,27
39,29,27
40,31,26
41,36,32
39,34,31
38,33,30
42,32,33
43,33,34
45,35,36
45,35,36
45,35,34
45,35,34
43,33,31
42,32,30
42,32,30
42,32,30
42,33,28
40,35,31
38,33,29
37,32,28
43,33,34
44,34,35
45,35,36
45,35,36
45,35,34
45,35,34
44,34,32
43,33,31
45,35,33
45,35,33
44,35,30
40,35,31
39,34,30
38,33,29
44,34,35
44,34,35
45,35,36
45,35,36
45,35,34
45,35,34
44,34,32
44,34,32
44,34,32
44,34,32
44,35,30
42,37,31
41,36,30
40,35,29
43,34,35
43,34,35
43,34,35
43,34,35
43,35,33
43,35,33
43,35,32
43,35,32
40,32,29
41,33,30
41,34,28
43,38,32
42,37,31
41,36,30
43,34,35
42,33,34
42,33,34
41,32,33
41,33,31
42,34,32
42,34,31
43,35,32
39,31,28
39,31,28
40,33,27
42,38,29
40,36,27
40,36,27
42,33,34
42,33,34
40,31,32
39,30,31
39,31,29
40,32,30
42,34,31
42,34,31
40,32,29
40,32,29
40,33,27
37,32,28
37,32,28
37,32,28
37,32,28
37,32,28
37,32,28
37,32,28
34,28,28
36,30,30
37,31,31
34,28,28
36,30,30
37,31,31
31,33,22
31,33,22
33,35,24
57,39,37
48,38,37
47,37,36
47,37,36
45,35,34
43,33,32
42,32,31
40,30,29
41,31,30
41,31,30
43,33,32
42,32,31
46,36,35
52,38,38
53,39,39
52,38,38
53,39,39
52,38,37
53,39,38
44,34,33
